# # Interval between events [s]  SNR
1.332844999998787534e+05 7.411002883633265093e+00
3.475300000000790533e+03 5.893097361511148335e+01
2.669532999984041671e+05 5.892522046786555556e+00
2.832539999958779663e+04 1.474308083917839696e+01
5.502999999994972313e+02 1.157695330164209793e+02
7.453399999993220263e+03 7.193432592969347006e+00
1.701879999998451967e+04 7.700550587416637782e+00
1.451050000004450703e+04 1.559650134884690154e+01
5.119999999995343387e+02 1.671425362856485322e+02
3.805999999996565748e+02 1.283717928593448043e+01
1.158249999998946441e+04 1.093651012149504886e+01
4.957999999995518010e+02 9.516481489734488264e+00
5.741999999994877726e+02 9.833237147718932647e+00
5.044999999995343387e+02 1.028702178742909545e+01
4.856999999995605322e+02 8.578673167516544851e+00
4.386999999995896360e+02 1.089339728275819752e+01
5.655999999994965037e+02 1.049478455955751954e+01
1.649000000000000000e+04 5.123448956233720430e+00
5.656499999917694367e+03 9.828129021424780731e+00
1.528020000000652508e+05 1.313752544806919076e+01
1.375188999979988148e+05 1.214649548877168961e+01
2.494554000009476440e+05 3.093900480872322873e+02
4.653589999932271894e+04 5.497625498584137915e+01
8.952340000098617747e+04 7.976366264255587701e+00
1.374103000002892222e+05 2.040109345972706834e+01
1.617937999999343883e+05 3.987014044972492002e+02
1.809268999996560160e+05 2.835985209122681283e+01
2.438008000010298565e+05 1.630076021000225950e+01
5.901600000001340959e+03 6.939871664561922060e+00
3.839400000000870932e+03 7.614432836573779895e+00
3.833300000000872387e+03 6.834265080990007846e+00
4.034610000170170679e+04 2.098554745744038996e+01
1.250929999981796136e+05 9.227629367347690348e+00
8.554250000104401261e+04 5.218008787935287884e+00
3.612332999993209960e+05 6.418586114765696848e+00
7.000000000001455192e+01 5.589240062050897073e+00
3.174350000000721411e+04 5.674031130239230336e+00
1.116000000000276486e+02 6.036163523610873050e+00
1.439900000000321597e+03 1.658522982810917412e+01
1.284522999999934545e+05 1.139984350281426728e+01
5.198380000001183362e+04 1.947766918453396912e+01
1.156305999999904889e+05 3.239400922707550734e+01
2.249100000000500586e+03 5.827962583119716378e+00
7.712550000001757871e+04 3.466620146497104571e+01
1.160472999999906169e+05 2.012836345626902812e+01
1.811079999189887894e+04 1.409104320966624257e+01
2.330440000135649461e+04 1.204379206734043706e+01
5.708100000332255149e+04 1.190569853861137695e+01
3.283956000008045230e+05 1.550314967074358030e+01
5.899270000143034849e+04 7.227694692024221546e+00
1.637760000000372384e+04 6.067146534384343148e+00
1.401130999999961059e+05 5.507511276049685378e+00
3.198460000000725267e+04 7.475275979888025724e+00
2.431000000000494765e+02 8.940371940160060760e+00
6.170100000001402805e+03 9.383406533895904289e+00
1.218180000000277505e+04 7.951667557115497331e+00
6.006000000001360604e+03 9.766214743831291401e+00
5.957000000001360604e+03 1.062197888271681556e+01
6.016600000001366425e+03 1.046950637991019484e+01
1.168450000000264845e+04 6.332777893566512439e+00
6.057600000001388253e+03 1.106557579100327970e+01
6.225000000001411536e+03 1.065430103090884373e+01
6.123500000001396984e+03 1.039659273044372512e+01
6.207200000001408625e+03 9.834707641611954543e+00
6.120200000001394073e+03 1.004600158225916040e+01
6.115100000001388253e+03 9.560849815942217944e+00
5.854800000001327135e+03 9.675365550947109483e+00
5.858100000001330045e+03 1.040256813948982639e+01
1.191430000000273867e+04 1.116122295789737784e+01
6.040600000001373701e+03 1.198453403462278111e+01
5.871800000001327135e+03 1.091785972232900548e+01
5.668800000001298031e+03 8.475160752356524441e+00
1.184560000000268337e+04 8.781057166182037577e+00
6.087899999965622555e+03 8.172189953084517455e+00
6.351200000001437729e+03 6.310142955205913395e+00
6.391600000001461012e+03 8.508426179087296148e+00
5.914500000001338776e+03 9.877485864325112885e+00
6.033800000001356238e+03 8.612276688542253922e+00
6.361200000001466833e+03 1.193446380835649911e+01
6.321100000001431908e+03 1.135634572678884879e+01
1.294410000000294531e+04 1.012848667639208244e+01
1.984550000000451109e+04 1.125015833992333647e+01
6.541000000001484295e+03 9.832192498993137519e+00
6.609400000001507578e+03 1.188791579678288990e+01
6.778600000001548324e+03 9.573085154787749573e+00
6.773500000001513399e+03 1.023815501020468588e+01
6.344800000001443550e+03 7.933082889282517591e+00
6.223600000001431908e+03 5.353090944405701990e+00
6.264600000001431908e+03 8.636918042692869335e+00
1.833000000000465661e+02 2.881636205185357369e+01
7.482550000001702574e+04 2.814679804932804430e+01
1.138000000000174623e+02 8.249589325114278608e+02
7.510000000000582077e+01 6.566471524504162005e+01
7.210000000003492460e+01 2.405822893267859897e+01
1.604600000000363798e+04 2.299163444667046008e+01
5.600000000000000000e+01 2.313180295387049057e+01
5.890000000002328306e+01 2.540613941472019377e+01
7.010000000000582077e+01 2.394422514251180800e+01
1.385000000000291038e+02 2.365492837533212978e+01
1.812200000000419095e+03 2.159658571704429164e+01
6.720000000001164153e+01 2.460829189164101649e+01
6.490000000002328306e+01 2.211808826224395119e+01
5.970000000001164153e+01 2.182201735264649400e+01
6.860000000000582077e+01 2.128377892135479854e+01
6.940000000002328306e+01 2.164575300872122199e+01
6.790000000002328306e+01 2.126966410150344089e+01
6.190000000002328306e+01 2.175911936470589225e+01
6.560000000000582077e+01 2.225573112078876648e+01
6.430000000001746230e+01 2.180428236140774700e+01
5.980000000001746230e+01 2.182335838169511533e+01
7.520000000001164153e+01 2.100852635888512765e+01
6.060000000000582077e+01 2.169081401253675168e+01
5.900000000002910383e+01 2.126127573232827928e+01
7.589999999999417923e+01 2.129206949113513758e+01
7.270000000004074536e+01 2.138126991918153763e+01
6.660000000000582077e+01 2.133326974716268865e+01
6.790000000002328306e+01 2.200730867419213510e+01
5.760000000000582077e+01 2.146733294568110040e+01
6.520000000001164153e+01 2.205113834056481892e+01
6.240000000002328306e+01 2.189130257737910767e+01
3.820100000000849832e+03 2.220822494491837773e+01
5.630000000001746230e+01 2.267106095988819803e+01
6.300000000002910383e+01 2.280091646049866583e+01
6.780000000001746230e+01 2.264468530233112276e+01
5.910000000000582077e+01 2.271858114490868985e+01
7.060000000000582077e+01 2.227937862843685579e+01
7.300000000002910383e+01 2.239653403690687483e+01
5.689999999999417923e+01 2.271106120066573197e+01
7.430000000001746230e+01 2.335284594764718591e+01
6.200000000002910383e+01 2.173261635897565824e+01
6.350000000000000000e+01 2.273976035290040443e+01
7.040000000002328306e+01 2.204659349212636954e+01
7.220000000001164153e+01 2.197965613160023324e+01
6.870000000001164153e+01 2.253810523733247706e+01
5.610000000003492460e+01 2.199392691985401882e+01
7.400000000000000000e+01 2.191423926091489349e+01
6.380000000001746230e+01 2.183772278990048576e+01
6.890000000002328306e+01 2.256172500447626206e+01
6.190000000002328306e+01 2.248549965500335190e+01
6.739999999999417923e+01 2.261766654484177863e+01
6.590000000002328306e+01 2.286460716475376387e+01
7.400000000002910383e+01 2.398055484826436867e+01
6.160000000000582077e+01 2.210163375641806027e+01
7.070000000001164153e+01 2.451311524860308566e+01
6.880000000001746230e+01 2.386717735918555761e+01
6.540000000002328306e+01 2.460486140992217585e+01
6.539999999999417923e+01 2.330020116391038698e+01
6.090000000002328306e+01 2.490875524960162224e+01
7.160000000000582077e+01 2.378572529734292829e+01
6.750000000002910383e+01 2.246042972764257684e+01
6.290000000002328306e+01 2.365364392116510928e+01
6.800000000000000000e+01 2.139904365310050238e+01
5.910000000000582077e+01 2.383310212736282452e+01
7.130000000001746230e+01 2.203941162165187606e+01
6.440000000002328306e+01 2.217649248266980067e+01
6.990000000002328306e+01 2.256435635474441170e+01
1.317999999642488547e+02 5.654929067468511761e+01
8.048000000359606929e+02 2.214129798345737399e+01
2.785500000000640284e+03 2.390457870609058944e+01
6.510000000000582077e+01 7.731024857816474416e+00
5.402300000001228909e+03 8.915099550534778317e+00
5.500200000001248554e+03 7.321053807186427953e+00
2.150790000000489090e+04 9.115510009892130228e+00
1.566100000000357250e+04 8.779399822834783151e+00
5.075300000001152512e+03 6.216947551774913983e+00
9.637900000002191518e+03 8.242455037464905487e+00
5.084300000001152512e+03 8.364694259463016479e+00
4.959000000001135049e+03 9.095238724629348681e+00
1.482310000000336731e+04 6.268160874539462135e+00
4.812200000001088483e+03 8.197288341469363360e+00
4.516300000001036096e+03 6.917122413752779586e+00
1.399570000000318396e+04 8.574003551072733487e+00
4.654300000001065200e+03 8.603669941167442659e+00
4.500200000001001172e+03 8.557838631362873372e+00
4.608900000001041917e+03 7.311428872010071522e+00
4.849500000001105946e+03 8.442224741299574120e+00
4.820700000001117587e+03 8.751675317601948834e+00
9.516800000002142042e+03 5.737733948533426442e+00
4.554600000001053559e+03 8.046058291719383249e+00
4.754699999965319876e+03 7.869816309376417074e+00
1.368870000000309665e+04 7.397163679712510209e+00
1.827660000000416767e+04 7.949845728365573017e+00
9.585200000002165325e+03 6.188830401107785484e+00
4.687500000001047738e+03 8.410411227981411386e+00
8.864100000002043089e+03 9.174884703448189072e+00
1.289880000000292785e+04 6.667984863706552190e+00
8.250700000001874287e+03 7.055191843901780224e+00
4.417900000001012813e+03 6.344044559769630887e+00
3.748400000000838190e+03 6.773977974348556863e+00
3.725100000000849832e+03 6.312151601209363250e+00
3.799000000000873115e+03 7.466904136950103243e+00
1.595330000000359723e+04 8.083234086372335980e+00
4.246700000001001172e+03 8.567887163466334499e+00
1.558760000000352738e+04 8.631843491117132672e+00
3.846800000000919681e+03 6.510368406697431887e+00
1.532200000000343425e+04 6.064483854644048932e+00
7.660100000001781154e+03 6.752678951995116030e+00
7.474999999965890311e+03 6.290332759046851407e+00
7.316200000001641456e+03 6.225078782111013176e+00
6.999700000001583248e+03 6.295883341044628878e+00
6.058470000140718184e+04 1.521392799147534625e+01
4.542999999934108928e+02 5.277178173718175991e+00
2.340819999965935131e+04 3.639764840109673827e+01
2.287742999989596719e+05 8.903890610897269298e+00
8.563299999875423964e+03 5.424045242023494140e+00
6.381480000136018498e+04 8.954333013676397002e+00
1.241495000004821923e+05 6.205339747675819417e+00
3.200261999999206746e+05 1.359997421024040243e+01
4.436849999935436063e+04 1.282366797711406662e+03
4.510379999934358057e+04 5.073415030064825970e+00
4.535329999933997169e+04 1.538713403092089393e+01
5.182000000018852006e+02 6.583233251132873498e+00
4.581000000016647391e+02 7.849966043004171468e+01
2.515000000009167707e+02 5.061503580345531716e+00
2.768100000010068470e+03 2.505034141101335976e+01
5.023000000018291757e+02 6.456910912423861504e+00
1.072209999997352497e+04 1.042984890665367281e+01
2.580000000009385985e+02 1.553218039657278098e+02
9.765559999652905390e+04 4.356037226429011611e+01
1.788411000012547011e+05 1.547669290619492521e+01
1.521610000088566449e+04 1.699723769043844257e+01
3.754480000218539499e+04 1.839136352152583243e+01
1.193170000069448724e+04 1.148092273677884734e+01
7.440000000433064997e+01 5.155009623054052526e+00
2.364000000137602910e+02 7.854489189729797260e+00
2.048000000119209290e+02 5.086964210145883847e+00
3.365000000195577741e+02 5.090651308519836604e+00
2.146539999941838905e+05 7.812610318080350780e+00
6.110000000001382432e+02 8.108072356096565514e+00
4.561300000001036096e+03 8.522641400196924621e+00
3.404000000000778527e+02 8.231530002184307193e+00
4.796900000001089211e+03 8.480191912762014894e+00
3.267000000000771252e+02 8.865902839393593027e+00
4.775100000001082662e+03 1.291554747952335447e+01
4.916900000001121953e+03 1.085125091634526129e+01
5.040000000000873115e+01 1.248802004534060650e+01
1.143000000000247383e+02 8.675855112300673966e+00
4.797500000001091394e+03 7.510397714972896210e+00
3.340000000000800355e+02 9.386744543152307330e+00
4.263300000000970613e+03 6.832511572969771407e+00
5.143000000001164153e+03 9.931988743664961206e+00
3.657000000000844011e+02 8.389310244579425202e+00
4.147400000000947330e+03 6.655659730090697224e+00
7.400000000001673470e+02 7.349757012800129274e+00
3.997100000000908040e+03 6.595489176647017615e+00
7.316000000001658918e+02 8.384982101202046678e+00
3.907400000000896398e+03 9.532362694151075289e+00
5.530000000001746230e+01 9.971109166700742321e+00
8.865000000001891749e+02 9.199358462361582056e+00
3.659500000000844011e+03 7.963091824100065885e+00
8.281000000001804437e+02 8.822600097191950042e+00
4.832400000001100125e+03 8.510246503247779870e+00
3.500700000000797445e+03 6.856113724179481395e+00
1.255000000000291038e+03 7.220973803437756189e+00
4.623000000001047738e+03 7.322602484339408413e+00
3.145100000000704313e+03 1.053541497250433423e+01
1.680700000000389991e+03 9.987996224188876226e+00
4.719100000001068111e+03 7.344783419037839600e+00
3.010000000000683940e+03 9.320976361774016894e+00
2.003400000000459841e+03 8.976439062879725483e+00
3.007700000000681030e+03 7.992535316044736327e+00
1.956900000000445289e+03 1.061028504547175366e+01
5.550000000001455192e+01 9.024163354281252936e+00
2.782700000000637374e+03 9.325002541139124190e+00
2.089700000000477303e+03 6.640306668648974231e+00
2.668300000000599539e+03 9.452041513075684520e+00
2.356700000000535510e+03 7.813048639715211685e+00
2.598700000000593718e+03 6.968144410992831439e+00
2.565300000000584987e+03 9.594851915673144660e+00
2.647900000000605360e+03 7.216960739172292527e+00
4.824400000001100125e+03 9.279799748191360109e+00
2.823400000000634464e+03 7.353645342075640912e+00
2.045600000000471482e+03 7.306671835776750612e+00
2.927000000000669388e+03 9.672325681365100181e+00
2.192000000000407454e+02 9.028700827593372225e+00
2.157300000000483124e+03 8.816051051189353061e+00
3.064000000000698492e+03 8.989516351251278792e+00
1.818700000000419095e+03 8.005433413004679366e+00
3.151000000000727596e+03 8.019863485004183445e+00
4.993600000001111766e+03 8.269024690306142844e+00
1.858000000000436557e+03 8.135407527283177842e+00
6.135360000001394656e+04 4.190714117282778517e+01
5.106600000000129512e+03 2.437402317100293558e+01
6.832340000004100148e+04 9.391515674088831034e+00
2.236260000000508444e+04 5.931338265648518515e+00
2.999610000000681612e+04 7.056704075165645129e+00
1.718910000000390573e+04 6.471998443251646194e+00
3.576000000000931323e+02 1.146483906315091339e+01
5.029889999997566338e+04 5.877253049160044540e+00
2.128750000000483124e+04 5.359515738964025999e+00
7.753900000001763692e+04 1.582637909413655564e+02
2.402000000000698492e+02 6.826003120879679642e+00
5.423539999997656560e+04 7.586586566969988787e+00
1.006000000000349246e+02 9.005101557389625810e+00
1.013030000000230211e+04 5.162450437666510794e+00
1.322430000000300788e+04 5.483240684083972027e+00
1.842540000000419241e+04 7.141230723165107541e+00
3.300800000000759610e+03 5.610626724612457927e+00
2.093000000000465661e+03 5.531883809972763189e+00
4.679260000001064327e+04 5.131308871966430374e+00
1.127800000000250293e+03 5.534723417449492366e+00
2.273190000000517466e+04 5.227639681047632436e+00
1.310650000000296859e+04 5.906326616197604018e+00
1.001710000000230502e+04 5.022078600504448431e+00
3.637900000000809086e+03 5.074969680497682489e+00
2.206029999996925471e+04 1.235359460870002479e+01
2.620700000000593718e+03 7.762971174757017145e+00
1.707670000000388245e+04 5.060521632513216517e+00
3.703500000000844011e+03 6.326901387711154179e+00
2.487000000000407454e+02 5.664549631773770244e+00
9.992400000002293382e+03 5.327519510503294420e+00
4.902000000000989530e+02 6.059139521975289711e+00
7.479800000001705484e+03 6.985717519631709393e+00
8.273900000001885928e+03 5.098737917944200504e+00
1.048950000000238651e+04 6.126113967931170912e+00
7.290000000002328306e+01 5.546327554142696847e+00
1.367000000000116415e+02 5.125868105416067522e+00
1.571400000000372529e+03 5.876478875853944572e+00
8.073000000001629815e+02 5.154998642208838078e+00
1.314070000000298023e+04 6.963254050389971361e+00
3.521400000000838190e+03 6.359594763745075596e+00
6.637900000001478475e+03 5.691637355963393041e+00
3.290300000000803266e+03 5.438885827439284171e+00
2.090160000000474975e+04 6.801761409566912775e+00
5.722200000001234002e+03 1.218594000268239874e+01
7.600900000001769513e+03 6.900955289995675201e+00
3.341200000000768341e+03 7.948586869020803469e+00
3.168900000000721775e+03 7.114265831638222792e+00
5.537999999643070623e+02 5.095279337505719930e+00
2.900600000036414713e+03 6.143864961373410871e+00
3.224500000000814907e+03 6.306788203127551284e+00
3.467899999964924064e+03 5.056892741190999629e+00
7.982000000001862645e+02 5.051297978415623113e+00
2.847900000000663567e+03 6.545778164460165804e+00
7.246500000001629815e+03 5.644052309592852978e+00
1.969500000000465661e+03 5.600739918935175865e+00
2.829700000000651926e+03 5.021606369742480425e+00
4.000000000001164153e+02 5.113385515106407375e+00
1.955500000000407454e+03 5.691209112005918946e+00
3.128300000000686850e+03 5.763708724411235274e+00
