# # Beta [s]  Amplitude [m/s2]  SNR
8.665730739952535178e-01 2.498345078002220768e-13 7.758928342639728193e+00
3.776686070936416950e-01 2.872760390642938563e-13 7.411002883633265093e+00
2.129764819467181951e+03 5.347747485616947036e-12 7.984383730764035292e+00
4.999999999999999272e+04 -1.477740456975264310e-12 5.893097361511148335e+01
4.999999999999999272e+04 -6.181983653617037667e-25 3.575830938893694366e+01
1.459371378185546675e+01 -6.998241896330468538e-14 5.892522046786555556e+00
1.236024170886935281e+01 -2.480193985720461404e-13 1.474308083917839696e+01
8.866439234077633458e+00 -3.702184474171239814e-15 8.040869209849141441e+00
7.509488925735832154e+00 -9.588432833279746922e-13 1.157695330164209793e+02
7.509488925735832154e+00 -3.149226911988424749e-14 7.193432592969347006e+00
8.866439234077633458e+00 2.777117629528859218e-13 7.700550587416637782e+00
1.236024170886935281e+01 4.107031864895803824e-13 1.559650134884690154e+01
7.509488925735832154e+00 4.714370181489306561e-13 1.671425362856485322e+02
1.046858787182884143e+01 3.975020846167751533e-13 1.283717928593448043e+01
5.386822426881672676e+00 2.459136816671171280e-14 1.093651012149504886e+01
7.509488925735832154e+00 -2.445469659267547006e-14 9.516481489734488264e+00
7.509488925735832154e+00 -2.081859713313724147e-13 9.833237147718932647e+00
8.866439234077633458e+00 -6.987990402007411769e-14 1.028702178742909545e+01
6.360210952442796994e+00 -2.769900856320252020e-13 8.578673167516544851e+00
6.360210952442796994e+00 -7.725964465658679571e-14 1.089339728275819752e+01
6.360210952442796994e+00 -3.973234488488097423e-13 1.049478455955751954e+01
1.459371378185546675e+01 2.121781479299768598e-13 2.007055850648123396e+01
1.000000000000000056e-01 -6.994439156406466685e-14 5.917507600162424275e+00
6.216235639593823414e-01 -4.110501704750978113e-14 5.123448956233720430e+00
1.180698090344255713e-01 -3.466100821161175456e-13 2.989867362527060379e+01
5.386822426881672676e+00 9.551084947925127002e-14 9.828129021424780731e+00
2.771897816021863026e+00 8.915740075944503618e-14 1.313752544806919076e+01
1.095913320302019429e+03 5.580654788938511304e-13 1.214649548877168961e+01
1.046858787182884143e+01 3.153746486503438363e-12 3.093900480872322873e+02
3.272774458006427523e+00 8.147127085375233697e-13 5.497625498584137915e+01
1.943369772054823474e-01 3.633655698693799549e-13 7.976366264255587701e+00
1.208044443795652345e+00 -3.630280349853842130e-13 2.040109345972706834e+01
8.866439234077633458e+00 3.587307371250815272e-12 3.987014044972492002e+02
6.658242723901563522e+02 -6.194209107329137290e-13 2.835985209122681283e+01
6.360210952442796994e+00 1.636867744363443818e-13 1.630076021000225950e+01
3.272774458006427523e+00 3.927019708968781210e-13 1.108351666055990492e+01
8.866439234077633458e+00 6.918067821719334020e-13 2.211838053918404512e+01
3.776686070936416950e-01 3.050073759920575189e-13 6.939871664561922060e+00
3.198689065242114049e-01 3.372718311582333711e-13 7.614432836573779895e+00
4.459126031784377275e-01 -3.201531895799199789e-13 6.834265080990007846e+00
4.562404623955170102e+00 3.414537945626397356e-12 1.106665248208091583e+02
8.866439234077633458e+00 5.739878516147152537e-13 2.098554745744038996e+01
2.572850556748776216e+04 8.279000185032079772e-23 9.227629367347690348e+00
3.864158552695643234e+00 -1.405964460970752014e-13 5.218008787935287884e+00
1.426335767840515079e+00 2.104895793786202928e-13 6.418586114765696848e+00
1.723076999326739056e+01 6.116368999766867088e-13 4.089209197687906538e+01
6.360210952442796994e+00 6.694002948212592739e-14 5.589240062050897073e+00
1.046858787182884143e+01 -6.403672231119782154e-14 5.674031130239230336e+00
7.509488925735832154e+00 -6.931632479478559840e-14 6.036163523610873050e+00
1.394047980542572063e-01 -9.356181786511639272e-14 1.658522982810917412e+01
2.129764819467181951e+03 1.513237409112306280e-12 1.139984350281426728e+01
3.348575755414512400e+01 2.953942006215978239e-13 1.947766918453396912e+01
3.864158552695643234e+00 4.257486883722595608e-13 3.239400922707550734e+01
1.293942764463427920e+03 4.158335071881034029e-13 5.827962583119716378e+00
7.509488925735832154e+00 5.283814289010212615e-13 3.466620146497104571e+01
5.386822426881672676e+00 -2.508836592672043705e-13 2.012836345626902812e+01
2.294532978697881587e-01 4.179306101082578747e-12 9.100256224822726381e+01
5.386822426881672676e+00 1.809499367248366137e-13 1.409104320966624257e+01
1.236024170886935281e+01 1.493649617739051787e-13 1.204379206734043706e+01
2.901785585875535389e+02 3.829176132021254676e-13 1.190569853861137695e+01
3.348575755414512400e+01 1.987881722043882868e-13 1.550314967074358030e+01
7.861374469159117098e+02 3.864047659523716957e-13 6.630584261711293337e+00
4.459126031784377275e-01 -2.877946406895769176e-13 7.227694692024221546e+00
2.836098222567778748e+01 -2.574090774226248503e-12 1.046474363917141375e+02
4.459126031784377275e-01 -2.028479323784217337e-13 6.067146534384343148e+00
3.348575755414512400e+01 1.071343652246193927e-13 5.507511276049685378e+00
2.514609255227279391e+03 2.609453687714062530e-12 7.475275979888025724e+00
4.999999999999999272e+04 6.755971880486493090e-19 3.807002089141788304e+01
1.046858787182884143e+01 -4.438742985080888018e-14 5.536840437978608698e+00
8.866439234077633458e+00 1.330070895001160676e-12 8.588687583009559035e+01
2.081553595268751451e+02 -1.412220016039272613e-13 8.940371940160060760e+00
4.459126031784377275e-01 8.440089653968716892e-13 1.088795723460107467e+01
4.459126031784377275e-01 7.253676546766856406e-13 9.383406533895904289e+00
4.459126031784377275e-01 6.102475319949208110e-13 7.951667557115497331e+00
4.459126031784377275e-01 -7.312716197871030360e-13 9.766214743831291401e+00
4.459126031784377275e-01 -8.260727454565135911e-13 1.062197888271681556e+01
4.459126031784377275e-01 -8.114142206536087421e-13 1.046950637991019484e+01
4.459126031784377275e-01 4.821689360623321728e-13 6.332777893566512439e+00
4.459126031784377275e-01 -8.400836295257613668e-13 1.106557579100327970e+01
4.459126031784377275e-01 -8.347280679613982091e-13 1.065430103090884373e+01
4.459126031784377275e-01 -8.058832873270762114e-13 1.039659273044372512e+01
4.459126031784377275e-01 -7.448341176483114662e-13 9.834707641611954543e+00
4.459126031784377275e-01 7.792901937009633108e-13 1.004600158225916040e+01
4.459126031784377275e-01 -7.553255839076641072e-13 9.560849815942217944e+00
4.459126031784377275e-01 -7.517150426912014633e-13 9.675365550947109483e+00
4.459126031784377275e-01 -7.984627679411387273e-13 1.040256813948982639e+01
4.459126031784377275e-01 -9.201144715104725110e-13 1.116122295789737784e+01
5.264881590332173289e-01 -9.313411021570279142e-13 1.198453403462278111e+01
4.459126031784377275e-01 -8.610010540283361273e-13 1.091785972232900548e+01
4.459126031784377275e-01 6.549469216922866790e-13 8.475160752356524441e+00
4.459126031784377275e-01 -6.769782939834372288e-13 8.781057166182037577e+00
4.459126031784377275e-01 -5.965524021283719554e-13 8.172189953084517455e+00
4.459126031784377275e-01 4.619028975133617309e-13 6.310142955205913395e+00
4.459126031784377275e-01 -6.228281192013603174e-13 8.508426179087296148e+00
4.459126031784377275e-01 7.289501403394278279e-13 9.877485864325112885e+00
4.459126031784377275e-01 -6.248735631817553328e-13 8.612276688542253922e+00
4.459126031784377275e-01 -8.725638742989078704e-13 1.193446380835649911e+01
4.459126031784377275e-01 8.193376304957900726e-13 1.135634572678884879e+01
5.264881590332173289e-01 -7.918554049143889609e-13 1.012848667639208244e+01
4.459126031784377275e-01 8.276017497676418439e-13 1.125015833992333647e+01
4.459126031784377275e-01 -7.183300236132221549e-13 9.832192498993137519e+00
4.459126031784377275e-01 -8.502719150703244740e-13 1.188791579678288990e+01
4.459126031784377275e-01 -7.056917305212280156e-13 9.573085154787749573e+00
4.459126031784377275e-01 7.515084518673431779e-13 1.023815501020468588e+01
4.459126031784377275e-01 -5.754002121717115568e-13 7.933082889282517591e+00
4.459126031784377275e-01 -3.332697023638877458e-13 5.353090944405701990e+00
3.776686070936416950e-01 -6.196017933853194039e-13 8.636918042692869335e+00
1.208044443795652345e+00 -1.395936071669483040e-12 2.969457683971398154e+01
7.509488925735832154e+00 1.471498750522976083e-12 2.881636205185357369e+01
1.684071917279003516e+00 -5.880084945992551616e-13 2.814679804932804430e+01
7.683417502466774351e+01 5.454346353411287587e-12 8.249589325114278608e+02
1.208044443795652345e+00 3.290500047045064670e-12 6.566471524504162005e+01
1.723076999326739056e+01 8.248288352447824981e-13 2.405822893267859897e+01
1.723076999326739056e+01 -3.326726180972143266e-13 2.299163444667046008e+01
2.034433722621191265e+01 1.652603923238232210e-12 2.313180295387049057e+01
1.723076999326739056e+01 2.303593324800035734e-12 2.540613941472019377e+01
1.723076999326739056e+01 2.209014342289002319e-12 2.394422514251180800e+01
1.459371378185546675e+01 1.479450153253141010e-12 2.365492837533212978e+01
1.723076999326739056e+01 -1.616574675919419248e-12 2.159658571704429164e+01
1.459371378185546675e+01 -1.193279195251163861e-12 2.460829189164101649e+01
2.034433722621191265e+01 -1.799415793855924169e-12 2.211808826224395119e+01
1.723076999326739056e+01 7.634757911871692224e-15 2.182201735264649400e+01
1.723076999326739056e+01 -4.513183231505854383e-13 2.128377892135479854e+01
1.459371378185546675e+01 -5.506100835251820448e-13 2.164575300872122199e+01
1.723076999326739056e+01 -1.167059393920132160e-12 2.126966410150344089e+01
1.723076999326739056e+01 -3.767845577349828083e-13 2.175911936470589225e+01
1.723076999326739056e+01 -1.940023552846468314e-13 2.225573112078876648e+01
1.723076999326739056e+01 2.402491823800174156e-13 2.180428236140774700e+01
1.723076999326739056e+01 1.663274360034269241e-12 2.182335838169511533e+01
1.723076999326739056e+01 -1.133282700637339317e-14 2.100852635888512765e+01
1.723076999326739056e+01 1.149695965988134341e-12 2.169081401253675168e+01
1.723076999326739056e+01 2.037189542679253537e-12 2.126127573232827928e+01
1.459371378185546675e+01 9.573836709560658574e-13 2.129206949113513758e+01
1.459371378185546675e+01 7.740658333154439071e-14 2.138126991918153763e+01
1.459371378185546675e+01 -8.149303404035605207e-14 2.133326974716268865e+01
2.034433722621191265e+01 -1.086557659483128550e-12 2.200730867419213510e+01
1.723076999326739056e+01 1.054758417778996728e-12 2.146733294568110040e+01
1.723076999326739056e+01 1.393540553758015871e-12 2.205113834056481892e+01
1.723076999326739056e+01 1.951584955803149484e-12 2.189130257737910767e+01
1.723076999326739056e+01 -2.208292509289644906e-12 2.220822494491837773e+01
1.723076999326739056e+01 -9.726960049699618341e-13 2.267106095988819803e+01
2.034433722621191265e+01 -8.450087569911668950e-13 2.280091646049866583e+01
1.723076999326739056e+01 -7.483659672842820657e-13 2.264468530233112276e+01
1.459371378185546675e+01 1.065707525344299687e-12 2.271858114490868985e+01
1.723076999326739056e+01 3.182845983340344292e-13 2.227937862843685579e+01
1.723076999326739056e+01 -1.084722513940642557e-12 2.239653403690687483e+01
1.723076999326739056e+01 8.208196775390614293e-13 2.271106120066573197e+01
2.034433722621191265e+01 -1.112348727266495348e-12 2.335284594764718591e+01
1.723076999326739056e+01 1.163547857720541235e-13 2.173261635897565824e+01
1.723076999326739056e+01 9.418083302562857245e-13 2.273976035290040443e+01
1.723076999326739056e+01 -2.839917475040321469e-14 2.204659349212636954e+01
1.459371378185546675e+01 -7.121676910655331131e-13 2.197965613160023324e+01
2.034433722621191265e+01 -1.914771042930793446e-12 2.253810523733247706e+01
1.723076999326739056e+01 5.743807342536997409e-13 2.199392691985401882e+01
1.723076999326739056e+01 -8.886237298322502320e-13 2.191423926091489349e+01
1.723076999326739056e+01 -5.512262270077368891e-13 2.183772278990048576e+01
1.723076999326739056e+01 -7.699044442658707261e-13 2.256172500447626206e+01
2.034433722621191265e+01 -2.025410301087227458e-13 2.248549965500335190e+01
1.723076999326739056e+01 -1.126713315139196506e-13 2.261766654484177863e+01
2.034433722621191265e+01 -3.800222176779775600e-13 2.286460716475376387e+01
1.723076999326739056e+01 -1.422768803321114326e-12 2.398055484826436867e+01
1.723076999326739056e+01 -5.593973610839025478e-13 2.210163375641806027e+01
1.723076999326739056e+01 -1.328450634536468363e-12 2.451311524860308566e+01
1.723076999326739056e+01 -1.658927725237125560e-12 2.386717735918555761e+01
1.723076999326739056e+01 -1.536719619714029851e-12 2.460486140992217585e+01
1.723076999326739056e+01 -1.239443297340825270e-12 2.330020116391038698e+01
1.459371378185546675e+01 1.457664547145404020e-13 2.490875524960162224e+01
1.459371378185546675e+01 -6.299325174249856661e-13 2.378572529734292829e+01
2.034433722621191265e+01 -1.864193388210955974e-12 2.246042972764257684e+01
1.723076999326739056e+01 -6.121199107291922736e-13 2.365364392116510928e+01
1.723076999326739056e+01 -8.718834805617084921e-13 2.139904365310050238e+01
1.723076999326739056e+01 5.356013690933692581e-13 2.383310212736282452e+01
1.723076999326739056e+01 -3.518381501212485882e-13 2.203941162165187606e+01
1.723076999326739056e+01 3.939537485545231563e-14 2.217649248266980067e+01
1.723076999326739056e+01 -4.938258740814179178e-13 2.256435635474441170e+01
2.347677055371252042e+00 1.343838653794507373e-12 5.654929067468511761e+01
1.723076999326739056e+01 -1.599012957319445536e-12 2.214129798345737399e+01
1.459371378185546675e+01 7.207897568131216419e-13 2.390457870609058944e+01
2.402052011230796325e+01 2.829274511733663509e-12 1.079704853494351084e+02
5.511587556316631975e+01 2.726834872265044729e-13 7.731024857816474416e+00
3.776686070936416950e-01 -3.094550961868288191e-13 7.158766072051392371e+00
3.198689065242114049e-01 3.613621367323638294e-13 8.915099550534778317e+00
3.776686070936416950e-01 3.285240292565355702e-13 7.321053807186427953e+00
3.776686070936416950e-01 3.971593301768125348e-13 9.115510009892130228e+00
3.776686070936416950e-01 3.816409337252236903e-13 8.779399822834783151e+00
3.198689065242114049e-01 -2.585427625234811517e-13 6.216947551774913983e+00
3.198689065242114049e-01 3.421102848415250247e-13 8.242455037464905487e+00
3.776686070936416950e-01 -3.717593801032914110e-13 8.364694259463016479e+00
3.776686070936416950e-01 3.965099240664057630e-13 9.095238724629348681e+00
3.776686070936416950e-01 -2.759133393335845569e-13 6.268160874539462135e+00
3.776686070936416950e-01 3.602546280734546932e-13 8.197288341469363360e+00
3.198689065242114049e-01 -2.786796946553761960e-13 6.917122413752779586e+00
3.198689065242114049e-01 -3.658323450570966849e-13 8.574003551072733487e+00
3.776686070936416950e-01 -3.883605556371697744e-13 8.603669941167442659e+00
3.776686070936416950e-01 3.833610003245931808e-13 8.557838631362873372e+00
3.776686070936416950e-01 -2.965090110546065405e-13 7.311428872010071522e+00
3.776686070936416950e-01 -3.801746573844896168e-13 8.442224741299574120e+00
3.198689065242114049e-01 3.734175251599989885e-13 8.751675317601948834e+00
3.776686070936416950e-01 -2.522608834718960142e-13 5.737733948533426442e+00
3.198689065242114049e-01 3.418916258227430988e-13 8.046058291719383249e+00
3.776686070936416950e-01 3.539241242543062489e-13 7.869816309376417074e+00
3.776686070936416950e-01 3.309449670464955850e-13 7.397163679712510209e+00
3.198689065242114049e-01 3.218799746149453785e-13 7.949845728365573017e+00
3.198689065242114049e-01 -2.586092695161246744e-13 6.188830401107785484e+00
3.776686070936416950e-01 -3.752471540721768464e-13 8.410411227981411386e+00
3.198689065242114049e-01 -3.826813424180128896e-13 9.174884703448189072e+00
3.776686070936416950e-01 3.004861420642732719e-13 6.667984863706552190e+00
3.198689065242114049e-01 3.056733664862907291e-13 7.055191843901780224e+00
3.198689065242114049e-01 2.780185783794865764e-13 6.344044559769630887e+00
3.776686070936416950e-01 -2.966631944805692552e-13 6.773977974348556863e+00
3.198689065242114049e-01 -2.612930129572278829e-13 6.312151601209363250e+00
3.198689065242114049e-01 -3.142617667726757650e-13 7.466904136950103243e+00
3.776686070936416950e-01 3.638177590252930662e-13 8.083234086372335980e+00
3.776686070936416950e-01 -3.777570450516472092e-13 8.567887163466334499e+00
3.776686070936416950e-01 -3.874249151702399285e-13 8.631843491117132672e+00
3.776686070936416950e-01 -2.953393110213088731e-13 6.510368406697431887e+00
3.198689065242114049e-01 2.516102278245344232e-13 6.064483854644048932e+00
3.776686070936416950e-01 -3.051784928728185379e-13 6.752678951995116030e+00
3.198689065242114049e-01 1.782509229489098483e-13 6.290332759046851407e+00
3.776686070936416950e-01 2.239500772225281950e-13 6.225078782111013176e+00
3.776686070936416950e-01 -2.221714665260372686e-13 6.295883341044628878e+00
1.426335767840515079e+00 -1.336711000794998408e-13 1.271393014416075395e+01
2.294532978697881587e-01 6.584462433471843866e-13 1.483216504182581374e+01
1.762985484851453180e+02 -4.985306938574966178e-13 1.521392799147534625e+01
1.527755751016735758e+03 -6.175113757670298017e-14 5.277178173718175991e+00
8.866439234077633458e+00 5.227278925953701990e-13 3.639764840109673827e+01
8.866439234077633458e+00 1.339236836978308485e-13 8.903890610897269298e+00
3.426132699831729838e+02 4.303955160803801686e-14 5.424045242023494140e+00
2.294532978697881587e-01 -3.099927716190417827e-13 8.954333013676397002e+00
3.953656999790991478e+01 7.947901712499354593e-14 6.205339747675819417e+00
1.493172132037088886e+02 2.699533300309078172e-13 1.359997421024040243e+01
1.684071917279003516e+00 2.679141981826033599e-11 1.282366797711406662e+03
2.709150706180505352e-01 -2.255308890057419136e-14 5.073415030064825970e+00
2.968994345608838557e+03 -1.074634023123452142e-11 1.538713403092089393e+01
1.236024170886935281e+01 -2.726036436758389998e-13 5.445629958500952661e+00
1.723076999326739056e+01 4.400617725790758597e-13 6.583233251132873498e+00
1.236024170886935281e+01 -2.500671359850608015e-12 7.849966043004171468e+01
1.236024170886935281e+01 -1.787740279575838315e-13 5.061503580345531716e+00
7.509488925735832154e+00 -9.544504033601646287e-13 2.505034141101335976e+01
1.236024170886935281e+01 -4.694137758068327715e-13 6.456910912423861504e+00
4.999999999999999272e+04 -3.341526329700927977e-21 1.042984890665367281e+01
1.459371378185546675e+01 -5.615848109785561854e-12 1.553218039657278098e+02
5.264881590332173289e-01 -7.789040968667000072e-14 6.850283993192726406e+00
3.953656999790991478e+01 2.229874383592636760e-13 1.324924545417303356e+01
6.360210952442796994e+00 7.778909408814937114e-13 4.356037226429011611e+01
2.294532978697881587e-01 -7.710913405067026362e-13 1.547669290619492521e+01
3.864158552695643234e+00 3.169424543680876839e-13 1.699723769043844257e+01
2.034433722621191265e+01 -3.212034215208511741e-13 1.839136352152583243e+01
2.836098222567778748e+01 1.773651590648879367e-13 1.148092273677884734e+01
1.988380496733709091e+00 9.535232537783666560e-14 5.155009623054052526e+00
1.095913320302019429e+03 -7.451402767544000536e-15 7.854489189729797260e+00
7.509488925735832154e+00 7.393960571326189097e-14 5.086964210145883847e+00
4.668075269529420979e+01 6.910846890074557098e-14 5.090651308519836604e+00
2.709150706180505352e-01 -3.850083956731706641e-13 7.812610318080350780e+00
1.000000000000000056e-01 -9.108429780694141211e-14 9.500892213160499367e+00
1.000000000000000056e-01 -6.342976135972078704e-14 8.108072356096565514e+00
1.000000000000000056e-01 -5.895309177998831156e-14 8.522641400196924621e+00
1.000000000000000056e-01 1.007343144046404551e-13 8.231530002184307193e+00
1.000000000000000056e-01 -9.299245130440530261e-14 8.480191912762014894e+00
1.000000000000000056e-01 -2.856033901560518562e-14 8.865902839393593027e+00
1.000000000000000056e-01 -1.505651333026936995e-13 1.291554747952335447e+01
1.000000000000000056e-01 -1.922292333476206434e-14 1.085125091634526129e+01
1.000000000000000056e-01 -3.131104626298617825e-14 1.248802004534060650e+01
1.000000000000000056e-01 -8.122920019820105339e-14 8.675855112300673966e+00
1.000000000000000056e-01 8.381948051731589298e-14 7.510397714972896210e+00
1.000000000000000056e-01 -1.325502275835032941e-14 9.386744543152307330e+00
1.000000000000000056e-01 8.868951388738910653e-14 6.832511572969771407e+00
1.000000000000000056e-01 -8.563135731041550296e-14 9.931988743664961206e+00
1.000000000000000056e-01 4.777832270955465962e-14 8.389310244579425202e+00
1.000000000000000056e-01 -5.428587483928190881e-14 6.655659730090697224e+00
1.000000000000000056e-01 5.317624265311440389e-14 7.349757012800129274e+00
1.000000000000000056e-01 -7.276461621595413057e-14 6.595489176647017615e+00
1.000000000000000056e-01 -1.078194019605797831e-13 8.384982101202046678e+00
1.000000000000000056e-01 3.428765664153135939e-14 9.532362694151075289e+00
1.000000000000000056e-01 -8.165636292148658720e-14 9.971109166700742321e+00
1.000000000000000056e-01 -4.406888421919261422e-14 9.199358462361582056e+00
1.000000000000000056e-01 -7.569642527212451299e-14 7.963091824100065885e+00
1.000000000000000056e-01 5.880772087126479573e-14 8.822600097191950042e+00
1.000000000000000056e-01 -6.012294444296078460e-14 8.510246503247779870e+00
1.000000000000000056e-01 -4.126515917896592438e-14 6.856113724179481395e+00
1.000000000000000056e-01 3.210545031470136037e-14 7.220973803437756189e+00
1.000000000000000056e-01 9.917587712178243194e-14 7.322602484339408413e+00
1.000000000000000056e-01 2.217264923622298884e-14 1.053541497250433423e+01
1.000000000000000056e-01 1.154966443029284804e-13 9.987996224188876226e+00
1.000000000000000056e-01 6.782931695846468387e-14 7.344783419037839600e+00
1.000000000000000056e-01 -7.146609319245917789e-14 9.320976361774016894e+00
1.000000000000000056e-01 -3.807357018559225378e-14 8.976439062879725483e+00
1.000000000000000056e-01 -9.468385267759011274e-14 7.992535316044736327e+00
1.000000000000000056e-01 4.684232425434621525e-14 1.061028504547175366e+01
1.000000000000000056e-01 -3.095498236524971384e-14 9.024163354281252936e+00
1.000000000000000056e-01 9.153313577339427063e-14 9.325002541139124190e+00
1.000000000000000056e-01 -8.894751410740258719e-14 6.640306668648974231e+00
1.000000000000000056e-01 3.415094077911837160e-14 9.452041513075684520e+00
1.000000000000000056e-01 -8.680400504668207303e-14 7.813048639715211685e+00
1.000000000000000056e-01 -2.030881716187856403e-14 6.968144410992831439e+00
1.000000000000000056e-01 -8.246959649744374463e-14 9.594851915673144660e+00
1.000000000000000056e-01 6.786422505526183045e-14 7.216960739172292527e+00
1.000000000000000056e-01 -7.076438610965251033e-14 9.279799748191360109e+00
1.000000000000000056e-01 -9.241680370882503444e-14 7.353645342075640912e+00
1.000000000000000056e-01 -1.050351137029031903e-13 7.306671835776750612e+00
1.000000000000000056e-01 1.788805448283201383e-14 9.672325681365100181e+00
1.000000000000000056e-01 -7.659142830813111449e-14 9.028700827593372225e+00
1.000000000000000056e-01 1.295238732868437501e-13 8.816051051189353061e+00
1.000000000000000056e-01 -1.102975965505638964e-13 8.989516351251278792e+00
1.000000000000000056e-01 -1.057262731529586559e-13 8.005433413004679366e+00
1.000000000000000056e-01 -9.363690992524806448e-14 8.019863485004183445e+00
1.000000000000000056e-01 7.588893322085227758e-14 8.269024690306142844e+00
1.000000000000000056e-01 -8.908147531217178945e-14 8.135407527283177842e+00
3.864158552695643234e+00 1.261409025281070425e-13 5.436780552065445526e+00
4.459126031784377275e-01 -1.151702623954619230e-13 4.190714117282778517e+01
3.505485954103251515e+03 -1.263690843232405184e-11 1.372643163744794315e+01
2.836098222567778748e+01 3.119489166631084374e-22 2.437402317100293558e+01
3.198689065242114049e-01 6.530308985754674426e-15 9.794074685567833782e+00
5.386822426881672676e+00 2.846539315563835804e-13 9.391515674088831034e+00
4.886815615137985333e+03 -9.287087046753482174e-12 1.750029540181152754e+01
1.527755751016735758e+03 9.502357497791726329e-13 5.931338265648518515e+00
7.509488925735832154e+00 6.890454736943339150e-14 7.056704075165645129e+00
1.645949788474881104e-01 -3.429759195508091671e-14 6.471998443251646194e+00
6.360210952442796994e+00 1.157966586450559846e-13 1.146483906315091339e+01
3.953656999790991478e+01 5.312146656421759078e-14 5.877253049160044540e+00
1.293942764463427920e+03 -1.030052839954588655e-12 5.359515738964025999e+00
5.511587556316631975e+01 1.831621935675740534e-12 1.582637909413655564e+02
3.426132699831729838e+02 -2.550809369367995049e-13 6.826003120879679642e+00
4.999999999999999272e+04 6.511820760156623581e-10 7.586586566969988787e+00
4.999999999999999272e+04 -2.964753834863350522e-14 9.005101557389625810e+00
2.836098222567778748e+01 1.166250092126304393e-13 6.223328747471007283e+00
8.665730739952535178e-01 -3.195250557359963856e-13 1.333359109679360799e+01
2.347677055371252042e+00 1.082566914042760869e-13 5.115366090957389922e+00
1.000000000000000056e-01 1.714116560925259408e-13 5.498394012565254840e+00
1.000000000000000056e-01 1.284419998692854445e-13 5.162450437666510794e+00
1.000000000000000056e-01 -8.120485681567609886e-14 5.483240684083972027e+00
3.953656999790991478e+01 1.503058403520794863e-13 7.141230723165107541e+00
1.000000000000000056e-01 -1.858676776697956702e-13 5.610626724612457927e+00
1.000000000000000056e-01 -1.142681849648614536e-13 5.531883809972763189e+00
1.000000000000000056e-01 1.212464031051680187e-13 5.131308871966430374e+00
1.000000000000000056e-01 -1.853785607170265198e-13 5.534723417449492366e+00
1.000000000000000056e-01 -1.820586194531624584e-13 5.227639681047632436e+00
1.000000000000000056e-01 -8.943691733495645084e-14 5.906326616197604018e+00
1.000000000000000056e-01 1.615721624245923428e-13 5.022078600504448431e+00
1.000000000000000056e-01 -1.203609095170319942e-13 5.074969680497682489e+00
2.294532978697881587e-01 -6.106719904079198173e-13 1.235359460870002479e+01
2.709150706180505352e-01 3.713852016682201371e-13 7.762971174757017145e+00
2.709150706180505352e-01 -2.409654959889549731e-13 5.060521632513216517e+00
2.709150706180505352e-01 -3.123741559154904998e-13 6.326901387711154179e+00
1.000000000000000056e-01 -3.835854981211099268e-14 5.664549631773770244e+00
1.000000000000000056e-01 -1.196070638039083446e-13 5.327519510503294420e+00
2.709150706180505352e-01 -2.842394744708920919e-13 6.059139521975289711e+00
2.709150706180505352e-01 -3.268414115645756617e-13 6.985717519631709393e+00
1.000000000000000056e-01 1.319193848882041075e-13 5.098737917944200504e+00
1.000000000000000056e-01 1.040430503034765675e-13 6.126113967931170912e+00
1.000000000000000056e-01 4.987260658516061512e-14 5.546327554142696847e+00
1.000000000000000056e-01 5.273430942904187015e-14 5.125868105416067522e+00
2.709150706180505352e-01 2.770427617326817660e-13 5.876478875853944572e+00
1.000000000000000056e-01 2.586240983073957263e-14 5.154998642208838078e+00
2.294532978697881587e-01 3.291339687834894562e-13 6.963254050389971361e+00
2.709150706180505352e-01 -2.962213276149562976e-13 6.359594763745075596e+00
2.294532978697881587e-01 2.575083214135515811e-13 5.691637355963393041e+00
2.709150706180505352e-01 2.522058470578878143e-13 5.438885827439284171e+00
2.709150706180505352e-01 3.310207736064840824e-13 6.801761409566912775e+00
5.386822426881672676e+00 2.246402738402595579e-13 1.218594000268239874e+01
2.709150706180505352e-01 3.282590522613032463e-13 6.900955289995675201e+00
2.709150706180505352e-01 3.816780817140190900e-13 7.948586869020803469e+00
2.709150706180505352e-01 3.398562074282043879e-13 7.114265831638222792e+00
1.000000000000000056e-01 -1.540880117746136367e-13 5.095279337505719930e+00
2.709150706180505352e-01 -2.998859527122551849e-13 6.143864961373410871e+00
2.709150706180505352e-01 -3.035299186656581461e-13 6.306788203127551284e+00
2.709150706180505352e-01 2.468091784964522250e-13 5.056892741190999629e+00
1.000000000000000056e-01 1.599511692014714909e-13 5.051297978415623113e+00
2.709150706180505352e-01 -3.548082903473839718e-13 6.545778164460165804e+00
2.709150706180505352e-01 2.693211373679633221e-13 5.644052309592852978e+00
1.000000000000000056e-01 1.007164463689281398e-13 5.600739918935175865e+00
1.000000000000000056e-01 -1.567653546419705500e-13 5.021606369742480425e+00
1.000000000000000056e-01 5.503341331942728463e-14 5.113385515106407375e+00
2.709150706180505352e-01 -2.813672592321344121e-13 5.691209112005918946e+00
2.709150706180505352e-01 -2.689824196799791736e-13 5.763708724411235274e+00
4.562404623955170102e+00 1.088058700592735258e-12 5.068524504509922934e+01
6.507520902508215954e+01 2.148774131479826993e-08 1.215882475667172287e+02
