# # Beta [s]  Amplitude [m/s2]  SNR
5.386822426881672676e+00 4.918928517597339242e-13 1.252157292468570127e+01
3.272774458006427523e+00 1.909573895458602076e-12 2.347248501163965884e+01
1.046858787182884143e+01 1.939474478261242097e-14 6.163123946370837380e+00
3.953656999790991478e+01 3.791257070337802536e-12 2.039200797228580342e+01
7.683417502466774351e+01 7.595159205127830208e-13 1.010218197414507735e+01
6.360210952442796994e+00 3.039560505576142357e-13 9.817484220734389311e+00
8.665730739952535178e-01 -2.999544693535363538e-13 7.621465336172128957e+00
1.394047980542572063e-01 9.234137542008863890e-14 9.437915913294437686e+00
2.294532978697881587e-01 -4.346906837219239224e-13 5.578268552002518810e+00
1.645949788474881104e-01 -4.494213445965738031e-13 1.260091052750974860e+01
1.394047980542572063e-01 -2.996290698331351784e-13 1.394582364796767671e+01
5.386822426881672676e+00 5.195690137321726550e-12 6.064642085720155507e+01
5.386822426881672676e+00 7.424935375888024857e-13 1.446140455242041867e+01
1.645949788474881104e-01 1.258030150123557305e-13 1.784464541867897225e+01
1.000000000000000056e-01 -3.257411957358703430e-14 6.957512984742739270e+00
4.562404623955170102e+00 2.758657996367027331e-13 1.059987771001554080e+01
6.360210952442796994e+00 -1.717031961780524854e-12 1.945005682229821176e+01
2.347677055371252042e+00 -6.436801575381787370e-13 1.448607938332940748e+01
6.507520902508215954e+01 3.696643592169492355e-13 6.805541079482029687e+00
4.562404623955170102e+00 1.432041308012451650e-12 2.043033711132630259e+01
8.665730739952535178e-01 1.558793849824433607e-12 1.739400254350841735e+01
6.360210952442796994e+00 1.366616218769096215e-13 5.994154621905530611e+00
1.394047980542572063e-01 -2.688409986332087247e-14 6.712579903093225830e+00
1.645949788474881104e-01 -7.071965410397951586e-14 5.063123001747908525e+00
1.023161173609947072e+00 1.173193349164410496e-13 5.468088833095863244e+00
2.402052011230796325e+01 9.060917637733130008e-12 2.288697317459192249e+01
1.459371378185546675e+01 -4.773618429290741852e-13 1.113453452085638418e+01
2.402052011230796325e+01 1.697962305179509628e-12 1.491977281633924868e+01
5.386822426881672676e+00 3.040109083029897326e-13 9.765357526347926864e+00
2.034433722621191265e+01 6.958936740284290918e-13 1.282786285918470881e+01
3.272774458006427523e+00 8.592963143571413168e-13 1.415112860367805325e+01
3.864158552695643234e+00 2.236092545620563610e-12 2.361199636691337034e+01
1.723076999326739056e+01 -2.458026187802525455e-13 9.330280996369786806e+00
1.180698090344255713e-01 -4.619143164423666679e-14 7.327264322332777802e+00
5.386822426881672676e+00 2.560154378116510245e-12 2.194500449797320130e+01
1.236024170886935281e+01 4.473388919767017117e-12 2.252688588003750780e+01
3.272774458006427523e+00 2.952172270555675327e-12 2.232456532007401506e+01
1.394047980542572063e-01 -2.544390444060974350e-13 9.308482008320218881e+00
7.509488925735832154e+00 2.746027971616927629e-13 9.360692692274025006e+00
1.394047980542572063e-01 1.207670520635650738e-13 7.941509833080551140e+00
2.034433722621191265e+01 3.168018349382425583e-12 1.969810898705505764e+01
1.645949788474881104e-01 6.616404226540587464e-14 6.919937890882313702e+00
3.272774458006427523e+00 7.388009093546155941e-13 1.388229393389288013e+01
6.360210952442796994e+00 6.412860458483764955e-13 1.341754849208488309e+01
4.562404623955170102e+00 3.607070137862976361e-13 1.088947262131999238e+01
3.272774458006427523e+00 1.454950300301963178e-13 5.947579187821701474e+00
5.386822426881672676e+00 3.855254014897128470e-13 1.120308958707419045e+01
1.046858787182884143e+01 7.226270447393461117e-13 1.401724935124566152e+01
2.294532978697881587e-01 -2.341727108358037989e-12 2.054725227225302220e+01
3.953656999790991478e+01 2.390105703431709165e-12 1.390612316379673885e+01
6.507520902508215954e+01 3.612466783425467860e-13 6.937421522601936452e+00
5.386822426881672676e+00 7.038533018907515732e-13 1.394288245238195678e+01
4.562404623955170102e+00 2.502223783321557094e-13 9.109563544423107118e+00
1.046858787182884143e+01 2.917027617755331550e-13 9.361928879229175493e+00
8.866439234077633458e+00 1.194016490285938232e-13 6.471409473640469479e+00
3.864158552695643234e+00 -6.486086030402185324e-13 1.411320647660202177e+01
1.645949788474881104e-01 1.232455841293340784e-13 1.562075711265150346e+01
1.394047980542572063e-01 2.320858583501027361e-14 1.152926817899915690e+01
1.723076999326739056e+01 8.570981670278381427e-13 1.511622806219986792e+01
1.459371378185546675e+01 -6.872515172930752287e-13 1.352427671545266641e+01
1.180698090344255713e-01 -3.993875830117160130e-14 7.594997587169702413e+00
1.723076999326739056e+01 2.450908602614359159e-13 8.323995150186666692e+00
7.509488925735832154e+00 -2.065980889458792776e-13 8.269704379115724535e+00
1.264651941294938524e+02 -2.306515525773507973e-12 1.556902061809609172e+01
2.457686354883033744e+02 -6.648573681669113309e-13 6.687072635822097766e+00
1.394047980542572063e-01 9.813108782098447676e-14 1.179510252941478043e+01
2.402052011230796325e+01 1.450603718865124492e-13 5.181036687936074969e+00
7.683417502466774351e+01 2.722768372477784535e-12 1.302316673915503564e+01
1.264651941294938524e+02 4.118783481384785138e-13 5.240240369587530367e+00
4.562404623955170102e+00 2.319302080864193362e-13 7.769733022108855636e+00
6.360210952442796994e+00 3.980711199033524368e-13 1.097268617843962346e+01
4.562404623955170102e+00 4.675718225158273193e-13 1.202851765685189100e+01
1.459371378185546675e+01 5.264958945395819425e-12 2.233736426570955658e+01
7.509488925735832154e+00 7.042832376845143434e-13 1.471577054718522071e+01
1.459371378185546675e+01 1.747059523219731180e-12 1.961639614207274462e+01
8.665730739952535178e-01 3.580139836913215761e-13 7.325957203844073007e+00
7.509488925735832154e+00 2.750055362507115698e-12 2.286008546566952759e+01
6.360210952442796994e+00 2.698738912733584059e-13 8.410884000474876387e+00
1.723076999326739056e+01 2.532130893735642425e-13 6.575744007742804875e+00
1.943369772054823474e-01 -8.571040389780474163e-13 2.799546481726315150e+01
2.034433722621191265e+01 3.660730522626424814e-12 2.101854122539742065e+01
1.645949788474881104e-01 -1.089223913466109912e-12 2.367521501648630888e+01
2.457686354883033744e+02 -6.175183202225757818e-13 5.413022876968923036e+00
1.645949788474881104e-01 9.350749884055959860e-13 1.803727864834935701e+01
1.943369772054823474e-01 6.818283663918726627e-12 1.351795778542599464e+02
1.394047980542572063e-01 -3.115797674868942721e-14 1.020148463381617532e+01
1.180698090344255713e-01 -1.441854122596890292e-13 5.894874743593933708e+00
3.953656999790991478e+01 8.030705289383051546e-12 1.929161603986001339e+01
9.071796372480146431e+01 2.411205166961871411e-12 1.190406780834792322e+01
3.272774458006427523e+00 8.283115833905943223e-13 1.746821549908498739e+01
1.180698090344255713e-01 -7.083694686520061949e-13 5.460496320939685511e+00
1.236024170886935281e+01 3.866068016390935593e-12 2.246743295832117937e+01
7.509488925735832154e+00 2.616708807087776423e-13 7.881713636100433185e+00
6.360210952442796994e+00 5.094634079407870397e-13 1.163985521609744112e+01
2.347677055371252042e+00 2.214719056465968193e-12 2.104877242482656641e+01
2.034433722621191265e+01 3.130456027590684542e-12 1.989224044577291650e+01
7.509488925735832154e+00 2.484100527506925728e-13 7.832413212069932129e+00
1.459371378185546675e+01 -5.694166062752980457e-13 1.068801760689846247e+01
1.046858787182884143e+01 1.485405098998497765e-12 1.808569919538671300e+01
1.723076999326739056e+01 6.088914951209761321e-13 1.109771525274094905e+01
1.426335767840515079e+00 2.910646613810251047e-13 8.377222939636437715e+00
6.360210952442796994e+00 1.443186721954505475e-13 5.080016918464145270e+00
3.864158552695643234e+00 2.521810506622530891e-13 8.020767474672306108e+00
1.046858787182884143e+01 8.177153754465611572e-12 3.273749965353045610e+01
1.645949788474881104e-01 -1.139700564787275312e-13 1.178250168368913897e+01
1.988380496733709091e+00 4.632913327784008625e-13 1.087839322020529664e+01
6.360210952442796994e+00 5.221490261003903254e-13 1.191152654462475269e+01
1.046858787182884143e+01 1.021022987580579865e-13 8.451727249960775623e+00
9.071796372480146431e+01 8.725629565293829377e-13 9.967956383304166224e+00
3.348575755414512400e+01 2.025820432809377618e-12 2.872079366432116387e+01
6.507520902508215954e+01 2.240938095683392663e-13 1.198090227315785761e+01
1.459371378185546675e+01 5.594141674656922791e-12 6.115682205105866132e+01
8.866439234077633458e+00 1.497001858205267200e-12 2.662311685860998267e+01
3.953656999790991478e+01 9.137223533537453413e-14 8.373535190526055771e+00
4.562404623955170102e+00 3.383081226919761862e-12 3.022677046990725813e+01
3.272774458006427523e+00 1.541272563800359598e-13 9.191882654743489311e+00
3.198689065242114049e-01 1.652556635279441780e-12 1.589946032605504378e+01
2.771897816021863026e+00 9.522353696880239677e-13 1.977977158807185631e+01
2.402052011230796325e+01 9.654024191401587028e-14 9.937136130351921892e+00
5.386822426881672676e+00 7.838969729718858107e-13 1.798429756132807000e+01
6.360210952442796994e+00 2.101013778522705360e-13 1.261037433767645943e+01
1.023161173609947072e+00 2.695144074536139988e-12 3.309176844410700369e+01
6.360210952442796994e+00 1.689609508511826960e-13 1.110813789720011080e+01
6.360210952442796994e+00 5.520623060538298070e-12 3.462250625968714957e+01
4.562404623955170102e+00 3.578613468886852063e-13 1.369348688747158782e+01
2.347677055371252042e+00 5.725933677965383647e-12 3.615903631508724914e+01
1.236024170886935281e+01 5.805081811290321838e-13 1.298380544267994452e+01
1.000000000000000056e-01 -4.254574242575985991e-13 5.572509851633079769e+00
5.386822426881672676e+00 4.993115522227489178e-13 1.526835491409427092e+01
1.459371378185546675e+01 -8.407192142010464689e-14 7.833721579378641664e+00
6.360210952442796994e+00 5.033020791343095863e-14 5.091809576164324724e+00
3.864158552695643234e+00 5.793168172469378846e-13 1.397006230718012354e+01
1.459371378185546675e+01 5.944551582244282257e-13 1.392489772423632211e+01
7.509488925735832154e+00 2.108300112525172289e-13 1.167609611827769811e+01
3.864158552695643234e+00 6.283635550616952667e-14 5.052646491136547624e+00
1.264651941294938524e+02 -2.798303330439147274e-14 5.037829655156750519e+00
1.236024170886935281e+01 5.831562754109839417e-12 3.059425004235722056e+01
1.645949788474881104e-01 5.459269320298093994e-13 8.240272027461122306e+00
3.864158552695643234e+00 4.261408624532935606e-13 1.381374071999953124e+01
5.386822426881672676e+00 3.629874900969431911e-13 1.293879067321522669e+01
2.771897816021863026e+00 1.566129823072359850e-13 8.850816240343721830e+00
7.339497548798331605e-01 1.278947163536079306e-13 5.085201844475643718e+00
3.272774458006427523e+00 2.842744096716278868e-13 1.252300831744485166e+01
5.386822426881672676e+00 8.965512711358902208e-14 7.572898338232779913e+00
7.509488925735832154e+00 3.483338128246261031e-13 1.338540920332106587e+01
9.071796372480146431e+01 6.082384740351900887e-14 5.367180916197998641e+00
2.402052011230796325e+01 1.805799307726902552e-12 2.406640759673749486e+01
1.723076999326739056e+01 6.653169174630928754e-12 5.196191013228841626e+01
6.360210952442796994e+00 1.510366794708846847e-13 1.056099381364447432e+01
4.562404623955170102e+00 1.232049245182549547e-12 2.532381803325663938e+01
4.562404623955170102e+00 8.309870057714892834e-14 6.826396368240886581e+00
3.864158552695643234e+00 1.952272358037230108e-13 1.132220706667620114e+01
1.394047980542572063e-01 1.124932512163464701e-14 8.924234571615977885e+00
